

     	            	 BasePay  	OvertimePay   	OtherPay    	Benefits    	TotalPay 	 TotalPayBenefits    label
	BasePay          1.0000000000 	0.2750969276 	0.2787345116 	0.9323154101 	0.9567053397     0.9677359294 	     0.6644885615
	OvertimePay      0.2750969276 	1.0000000000 	0.3102490669 	0.3162700631 	0.5087269046     0.4720370919	     0.2869029036
	OtherPay         0.2787345116 	0.3102490669 	1.0000000000 	0.2507473567 	0.4584217365     0.4172398748 	     0.0896779139
	Benefits         0.9323154101 	0.3162700631	0.2507473567 	1.0000000000 	0.9041941354     0.9427995199 	     0.7751197940
	TotalPay         0.9567053397 	0.5087269046 	0.4584217365 	0.9041941354 	1.0000000000     0.9948592066	     0.6450672524
	TotalPayBenefits 0.9677359294 	0.4720370919 	0.4172398748 	0.9427995199 	0.9948592066     1.0000000000        0.6872383651
	label            0.6644885615 	0.2869029036 	0.0896779139 	0.7751197940 	0.6450672524     0.687238365	     1.0000000000